 ID   Lat_min Lat_max Lon_min Lon_max Adm_lev Adm_Cod Nom
 0001 15.6830 15.8970 -1.4600 -1.2630     0   000000  GOSSI
 0002 19.3710 19.5040 0.56700 0.87900     0   000000  AGUELHOK
 0003 16.0130 16.2900 -12.683 -12.424     0   000000  M'BOUT
 0004 0.00000 0.00000 0.00000 0.00000     2   000014  KIDAL
 0005 0.00000 0.00000 0.00000 0.00000     0   000138  MALI
 0006 19.7285 19.7897 0.97970 1.09720     0   000000  IN'TANOUT
 0007 12.9200 13.2520 -10.444 -10.241     0   000000  MANANTALI
 0008 15.4984 15.6073 -0.5175 -0.4381     0   000000  IN'TILLIT
 0009 11.5911 11.7564 42.3321 42.4724     0   000000  LAC_ASSAL
 0010 11.2036 11.2883 42.5319 42.6649     0   000000  GRAND_BARRA
 0011 11.0367 11.2859 41.6600 41.9038     0   000000  LAC_ABBE
 0012 16.7191 16.8303 -4.0490 -3.7748     0   000000  LAC_FAGUIBINE
 0013 18.3700 18.8900 7.50000 7.80000     0   000000  GOUGARAM